<?xml version="1.0" encoding="UTF-8"?>
<ILScene>
	<Instance>
		<Name><![CDATA[Instance-0]]></Name>
		<Shape><![CDATA[ea2a7f29f2e0e9ca8229dd3528195308e4013fc0]]></Shape>
		<ObjectToWorld>
			<r><c>1</c><c>-0</c><c>0</c><c>-0</c></r>
			<r><c>0</c><c>-1.1920929e-007</c><c>1.00000012</c><c>0</c></r>
			<r><c>-0</c><c>-1.00000012</c><c>-1.1920929e-007</c><c>0</c></r>
			<r><c>0</c><c>0</c><c>0</c><c>1</c></r>
		</ObjectToWorld>
		<LightLinkMode>None</LightLinkMode>
	</Instance>
	<LightSource>
		<Type>Directional</Type>
		<DirectionalLightShadowAngle>0</DirectionalLightShadowAngle>
		<Name><![CDATA[Light-3]]></Name>
		<ObjectToWorld>
			<r><c>0.866025388</c><c>0.321393847</c><c>-0.383022249</c><c>0</c></r>
			<r><c>-1.49011612e-008</c><c>0.766044438</c><c>0.642787635</c><c>0</c></r>
			<r><c>0.50000006</c><c>-0.556670368</c><c>0.663413942</c><c>0</c></r>
			<r><c>0</c><c>0</c><c>0</c><c>1</c></r>
		</ObjectToWorld>
		<Color>
			<r>1</r>
			<g>1</g>
			<b>1</b>
		</Color>
		<ShadowSamples>1</ShadowSamples>
		<CastShadows>true</CastShadows>
		<LightLinkMode>None</LightLinkMode>
	</LightSource>
	<Material>
		<Name><![CDATA[Material--96244]]></Name>
		<Diffuse>
			<Color>
				<r>0.800000012</r>
				<g>0.800000012</g>
				<b>0.800000012</b>
				<a>1</a>
			</Color>
			<Scale>1</Scale>
		</Diffuse>
		<Shininess>0</Shininess>
		<PrimaryGIIntensity>1</PrimaryGIIntensity>
		<PrimaryGISaturation>1</PrimaryGISaturation>
		<SecondaryGIIntensity>1</SecondaryGIIntensity>
		<SecondaryGISaturation>1</SecondaryGISaturation>
		<DiffuseGIBoost>1</DiffuseGIBoost>
		<EmissiveGIScale>1</EmissiveGIScale>
		<SpecularGIScale>1</SpecularGIScale>
		<DiffuseAlphaAsTransparency>false</DiffuseAlphaAsTransparency>
	</Material>
</ILScene>
